Purity: 0.20396901199193462
NMI: 0.14374303103793434
Sklearn linear SVM
Accuracy: 0.8317498384027325
Sklearn kernel SVM
Accuracy: 0.8238916143975014